  -7.19138   13.16374    0.00000   -0.47943    0.87758    0.00000 
  -6.92669   13.30492    0.00000   -0.46178    0.88699    0.00000 
  -6.65922   13.44079    0.00000   -0.44395    0.89605    0.00000 
  -6.38909   13.57127    0.00000   -0.42594    0.90475    0.00000 
  -6.11641   13.69633    0.00000   -0.40776    0.91309    0.00000 
  -5.84128   13.81592    0.00000   -0.38942    0.92106    0.00000 
  -5.56381   13.92997    0.00000   -0.37092    0.92866    0.00000 
  -5.28411   14.03845    0.00000   -0.35227    0.93590    0.00000 
  -5.00231   14.14132    0.00000   -0.33349    0.94276    0.00000 
  -4.71850   14.23853    0.00000   -0.31457    0.94924    0.00000 
  -4.43280   14.33005    0.00000   -0.29552    0.95534    0.00000 
  -4.28397   14.37446    0.00000   -0.57735    0.57735    0.57735 
  -4.20728   14.31725    0.00000    0.59792    0.80156    0.00000 
  -4.10679   14.24316    0.00000    0.59343    0.80489    0.00000 
  -4.00439   14.16854    0.00000    0.58893    0.80818    0.00000 
  -3.90008   14.09341    0.00000    0.58441    0.81146    0.00000 
  -3.88934   14.08577    0.00000   -0.57735    0.57735    0.57735 
  -3.85759   14.05700    0.00000    0.67143    0.74107    0.00000 
  -3.76459   13.97369    0.00000    0.66728    0.74481    0.00000 
  -3.66975   13.88967    0.00000    0.66311    0.74852    0.00000 
  -3.57306   13.80497    0.00000    0.65893    0.75221    0.00000 
  -3.47450   13.71959    0.00000    0.65472    0.75587    0.00000 
  -3.37406   13.63358    0.00000    0.65048    0.75952    0.00000 
  -3.35590   13.61820    0.00000   -0.57735    0.57735    0.57735 
  -3.32690   13.58745    0.00000    0.72747    0.68614    0.00000 
  -3.23691   13.49310    0.00000    0.72363    0.69019    0.00000 
  -3.14511   13.39792    0.00000    0.71976    0.69422    0.00000 
  -3.05149   13.30193    0.00000    0.71588    0.69822    0.00000 
  -2.95604   13.20516    0.00000    0.71197    0.70221    0.00000 
  -2.91569   13.16470    0.00000   -0.57735    0.57735    0.57735 
  -2.89767   13.14231    0.00000    0.77904    0.62698    0.00000 
  -2.81186   13.03690    0.00000    0.77552    0.63132    0.00000 
  -2.72429   12.93055    0.00000    0.77198    0.63564    0.00000 
  -2.63494   12.82326    0.00000    0.76843    0.63994    0.00000 
  -2.56013   12.73444    0.00000   -0.57735    0.57735    0.57735 
  -2.48005   12.61857    0.00000    0.82264    0.56856    0.00000 
  -2.39792   12.50115    0.00000    0.81945    0.57315    0.00000 
  -2.31406   12.38267    0.00000    0.81624    0.57771    0.00000 
  -2.28000   12.33512    0.00000   -0.57735    0.57735    0.57735 
  -2.22908   12.24746    0.00000    0.86466    0.50236    0.00000 
  -2.15204   12.11658    0.00000    0.86178    0.50728    0.00000 
  -2.07327   11.98450    0.00000    0.85889    0.51217    0.00000 
  -2.06661   11.97348    0.00000   -0.57735    0.57735    0.57735 
  -2.04587   11.93034    0.00000    0.90124    0.43331    0.00000 
  -1.97676   11.78867    0.00000    0.89876    0.43844    0.00000 
  -1.91099   11.65578    0.00000   -0.57735    0.57735    0.57735 
  -1.86071   11.52830    0.00000    0.93025    0.36692    0.00000 
  -1.80291   11.38416    0.00000   -0.57735    0.57735    0.57735 
  -1.79000   11.34205    0.00000    0.95606    0.29317    0.00000 
  -1.73892   11.17879    0.00000    0.95438    0.29861    0.00000 
  -1.73349   11.16180    0.00000   -0.57735    0.57735    0.57735 
  -1.71068   11.06217    0.00000    0.97478    0.22318    0.00000 
  -1.66912   10.88885    0.00000    0.97243    0.23319    0.00000 
  -1.61697   10.74757    0.00000    0.93814    0.34627    0.00000 
  -1.59237   10.72173    0.00000    0.72413    0.68967    0.00000 
  -1.58918   10.71802    0.00000   -0.57735    0.57735    0.57735 
  -1.57653   10.67987    0.00000    0.94914    0.31487    0.00000 
  -1.51867   10.51129    0.00000    0.94585    0.32460    0.00000 
  -1.45333   10.37561    0.00000    0.90096    0.43391    0.00000 
  -1.42638   10.35223    0.00000    0.65526    0.75540    0.00000 
  -1.41751   10.34368    0.00000    0.69389    0.72008    0.00000 
  -1.37479   10.31986    0.00000    0.48707    0.87336    0.00000 
  -1.34412   10.31084    0.00000   -0.57735    0.57735    0.57735 
  -1.32223   10.26257    0.00000    0.91070    0.41308    0.00000 
  -1.24427   10.13372    0.00000    0.85561    0.51762    0.00000 
  -1.21523   10.11301    0.00000    0.58046    0.81429    0.00000 
  -1.20558   10.10534    0.00000    0.62227    0.78280    0.00000 
  -1.16079   10.08569    0.00000    0.40181    0.91572    0.00000 
  -1.04011   10.06238    0.00000   -0.57735    0.57735    0.57735 
  -1.01316   10.02614    0.00000    0.80251    0.59664    0.00000 
  -0.98228   10.00829    0.00000    0.50040    0.86580    0.00000 
  -0.97195   10.00157    0.00000    0.54501    0.83843    0.00000 
  -0.92549    9.98627    0.00000    0.31291    0.94978    0.00000 
  -0.79290    9.97356    0.00000    0.09537    0.99544    0.00000 
  -0.66305    9.97975    0.00000   -0.04760    0.99887    0.00000 
  -0.53269    9.98596    0.00000   -0.04760    0.99887    0.00000 
  -0.40247    9.99217    0.00000   -0.04760    0.99887    0.00000 
  -0.27221    9.99838    0.00000   -0.04760    0.99887    0.00000 
  -0.14196   10.00458    0.00000   -0.04760    0.99887    0.00000 
  -0.01170   10.01079    0.00000   -0.04760    0.99887    0.00000 
  -0.00000   10.01135    0.00000   -0.57735    0.57735    0.57735 
   0.01170   10.01079    0.00000    0.04760    0.99887    0.00000 
   0.14196   10.00458    0.00000    0.04760    0.99887    0.00000 
   0.27221    9.99838    0.00000    0.04760    0.99887    0.00000 
   0.40247    9.99217    0.00000    0.04760    0.99887    0.00000 
   0.53269    9.98596    0.00000    0.04760    0.99887    0.00000 
   0.66305    9.97975    0.00000    0.04760    0.99887    0.00000 
   0.79290    9.97356    0.00000    0.04760    0.99887    0.00000 
   0.92549    9.98627    0.00000   -0.09537    0.99544    0.00000 
   0.97195   10.00157    0.00000   -0.31291    0.94978    0.00000 
   0.98228   10.00829    0.00000   -0.54501    0.83843    0.00000 
   1.01317   10.02614    0.00000   -0.50040    0.86580    0.00000 
   1.04011   10.06238    0.00000   -0.57735    0.57735    0.57735 
   1.16079   10.08569    0.00000   -0.18960    0.98186    0.00000 
   1.20558   10.10534    0.00000   -0.40181    0.91572    0.00000 
   1.21523   10.11301    0.00000   -0.62227    0.78280    0.00000 
   1.24427   10.13372    0.00000   -0.58046    0.81429    0.00000 
   1.32223   10.26257    0.00000   -0.85561    0.51762    0.00000 
   1.34412   10.31084    0.00000   -0.57735    0.57735    0.57735 
   1.37479   10.31986    0.00000   -0.28211    0.95938    0.00000 
   1.41751   10.34368    0.00000   -0.48707    0.87336    0.00000 
   1.42638   10.35223    0.00000   -0.69389    0.72008    0.00000 
   1.45333   10.37561    0.00000   -0.65526    0.75540    0.00000 
   1.51867   10.51129    0.00000   -0.90096    0.43391    0.00000 
   1.57653   10.67987    0.00000   -0.94585    0.32460    0.00000 
   1.58918   10.71802    0.00000   -0.57735    0.57735    0.57735 
   1.59237   10.72173    0.00000   -0.75922    0.65083    0.00000 
   1.61697   10.74757    0.00000   -0.72413    0.68967    0.00000 
   1.66912   10.88885    0.00000   -0.93814    0.34627    0.00000 
   1.71068   11.06217    0.00000   -0.97243    0.23319    0.00000 
   1.73349   11.16180    0.00000   -0.57735    0.57735    0.57735 
   1.73892   11.17879    0.00000   -0.95266    0.30404    0.00000 
   1.79000   11.34205    0.00000   -0.95438    0.29861    0.00000 
   1.80291   11.38416    0.00000   -0.57735    0.57735    0.57735 
   1.86071   11.52830    0.00000   -0.92815    0.37222    0.00000 
   1.91099   11.65578    0.00000   -0.57735    0.57735    0.57735 
   1.97676   11.78867    0.00000   -0.89625    0.44355    0.00000 
   2.04587   11.93034    0.00000   -0.89876    0.43844    0.00000 
   2.06661   11.97347    0.00000   -0.57735    0.57735    0.57735 
   2.07327   11.98450    0.00000   -0.85595    0.51705    0.00000 
   2.15204   12.11658    0.00000   -0.85889    0.51217    0.00000 
   2.22908   12.24746    0.00000   -0.86178    0.50728    0.00000 
   2.28000   12.33512    0.00000   -0.57735    0.57735    0.57735 
   2.31406   12.38267    0.00000   -0.81297    0.58231    0.00000 
   2.39792   12.50115    0.00000   -0.81624    0.57771    0.00000 
   2.48005   12.61857    0.00000   -0.81945    0.57315    0.00000 
   2.56013   12.73444    0.00000   -0.57735    0.57735    0.57735 
   2.63494   12.82326    0.00000   -0.76484    0.64422    0.00000 
   2.72429   12.93054    0.00000   -0.76843    0.63994    0.00000 
   2.81186   13.03690    0.00000   -0.77198    0.63564    0.00000 
   2.89767   13.14231    0.00000   -0.77552    0.63132    0.00000 
   2.91569   13.16470    0.00000   -0.57735    0.57735    0.57735 
   2.95604   13.20516    0.00000   -0.70804    0.70617    0.00000 
   3.05149   13.30193    0.00000   -0.71197    0.70221    0.00000 
   3.14511   13.39792    0.00000   -0.71588    0.69822    0.00000 
   3.23691   13.49310    0.00000   -0.71976    0.69422    0.00000 
   3.32690   13.58745    0.00000   -0.72363    0.69019    0.00000 
   3.35590   13.61820    0.00000   -0.57735    0.57735    0.57735 
   3.37406   13.63358    0.00000   -0.64624    0.76313    0.00000 
   3.47450   13.71959    0.00000   -0.65048    0.75952    0.00000 
   3.57306   13.80497    0.00000   -0.65472    0.75587    0.00000 
   3.66975   13.88967    0.00000   -0.65893    0.75221    0.00000 
   3.76459   13.97369    0.00000   -0.66311    0.74852    0.00000 
   3.85759   14.05700    0.00000   -0.66728    0.74481    0.00000 
   3.88934   14.08577    0.00000   -0.57735    0.57735    0.57735 
   3.90007   14.09341    0.00000   -0.57987    0.81471    0.00000 
   4.00439   14.16854    0.00000   -0.58441    0.81146    0.00000 
   4.10679   14.24316    0.00000   -0.58893    0.80818    0.00000 
   4.20728   14.31725    0.00000   -0.59343    0.80489    0.00000 
   4.28397   14.37446    0.00000   -0.57735    0.57735    0.57735 
   4.43280   14.33005    0.00000    0.29552    0.95534    0.00000 
   4.71850   14.23853    0.00000    0.31457    0.94924    0.00000 
   5.00231   14.14132    0.00000    0.33349    0.94276    0.00000 
   5.28411   14.03845    0.00000    0.35227    0.93590    0.00000 
   5.56381   13.92997    0.00000    0.37092    0.92866    0.00000 
   5.84128   13.81592    0.00000    0.38942    0.92106    0.00000 
   6.11641   13.69633    0.00000    0.40776    0.91309    0.00000 
   6.38909   13.57127    0.00000    0.42594    0.90475    0.00000 
   6.65922   13.44079    0.00000    0.44395    0.89605    0.00000 
   6.92669   13.30492    0.00000    0.46178    0.88699    0.00000 
   7.19138   13.16374    0.00000    0.47943    0.87758    0.00000
