-7.191383    13.163738    0.000000    -0.479426    0.877583   0.0
-6.926688    13.304924    0.000000    -0.461779    0.886995   0.0
-6.659222    13.440787    0.000000    -0.443948    0.896052   0.0
-6.389092    13.571275    0.000000    -0.425939    0.904752   0.0
-6.116407    13.696334    0.000000    -0.407760    0.913089   0.0
-5.841275    13.815915    0.000000    -0.389418    0.921061   0.0
-5.563807    13.929970    0.000000    -0.370920    0.928665   0.0
-5.284113    14.038452    0.000000    -0.352274    0.935897   0.0
-5.002306    14.141320    0.000000    -0.333487    0.942755   0.0
-4.718498    14.238531    0.000000    -0.314567    0.949235   0.0
-4.432803    14.330047    0.000000    -0.295520    0.955336   0.0
-4.145335    14.415832    0.000000    -0.276356    0.961055   0.0
-3.856208    14.495850    0.000000    -0.257081    0.966390   0.0
-3.565539    14.570070    0.000000    -0.237703    0.971338   0.0
-3.273444    14.638462    0.000000    -0.218230    0.975897   0.0
-2.980040    14.700999    0.000000    -0.198669    0.980067   0.0
-2.685444    14.757655    0.000000    -0.179030    0.983844   0.0
-2.389773    14.808409    0.000000    -0.159318    0.987227   0.0
-2.093147    14.853240    0.000000    -0.139543    0.990216   0.0
-1.795683    14.892130    0.000000    -0.119712    0.992809   0.0
-1.497501    14.925062    0.000000    -0.099833    0.995004   0.0
-1.198720    14.952026    0.000000    -0.079915    0.996802   0.0
-0.899460    14.973008    0.000000    -0.059964    0.998201   0.0
-0.599840    14.988002    0.000000    -0.039989    0.999200   0.0
-0.299980    14.997000    0.000000    -0.019999    0.999800   0.0
0.000000    15.000000    0.000000    0.000000    1.000000     0.0
0.299980    14.997000    0.000000    0.019999    0.999800     0.0
0.599840    14.988002    0.000000    0.039989    0.999200     0.0
0.899460    14.973008    0.000000    0.059964    0.998201     0.0
1.198720    14.952026    0.000000    0.079915    0.996802     0.0
1.497501    14.925062    0.000000    0.099833    0.995004     0.0
1.795683    14.892130    0.000000    0.119712    0.992809     0.0
2.093147    14.853240    0.000000    0.139543    0.990216     0.0
2.389773    14.808409    0.000000    0.159318    0.987227     0.0
2.685444    14.757655    0.000000    0.179030    0.983844     0.0
2.980040    14.700999    0.000000    0.198669    0.980067     0.0
3.273444    14.638462    0.000000    0.218230    0.975897     0.0
3.565539    14.570070    0.000000    0.237703    0.971338     0.0
3.856208    14.495850    0.000000    0.257081    0.966390     0.0
4.145335    14.415832    0.000000    0.276356    0.961055     0.0
4.432803    14.330047    0.000000    0.295520    0.955336     0.0
4.718498    14.238531    0.000000    0.314567    0.949235     0.0
5.002306    14.141320    0.000000    0.333487    0.942755     0.0
5.284113    14.038452    0.000000    0.352274    0.935897     0.0
5.563807    13.929970    0.000000    0.370920    0.928665     0.0
5.841275    13.815915    0.000000    0.389418    0.921061     0.0
6.116407    13.696334    0.000000    0.407760    0.913089     0.0
6.389092    13.571275    0.000000    0.425939    0.904752     0.0
6.659222    13.440787    0.000000    0.443948    0.896052     0.0
6.926688    13.304924    0.000000    0.461779    0.886995     0.0
7.191383    13.163738    0.000000    0.479426    0.877583     0.0
