4.465124    52.317927    0
4.404002    52.322476    0
4.342836    52.326965    0
4.281822    52.33138    0
4.220216    52.335775    0
4.160799    52.339958    0
4.093203    52.344713    0
4.008545    52.360059    0
3.917368    52.397425    0
3.829382    52.45854    0
3.741104    52.554259    0
3.635817    52.744338    0
3.559393    52.991973    0
3.549594    53.033282    0
3.536867    53.094668    0
3.526546    53.163426    0
3.515557    53.233948    0
3.503881    53.306229    0
3.491498    53.380263    0
3.478387    53.456042    0
3.464529    53.533564    0
3.449903    53.61282    0
3.434491    53.693806    0
3.418272    53.776514    0
3.401227    53.860939    0
3.383335    53.947071    0
3.364578    54.034908    0
3.344936    54.124439    0
3.324389    54.215658    0
3.302918    54.30856    0
3.280504    54.403133    0
3.257126    54.499372    0
3.232767    54.59727    0
3.207406    54.696817    0
3.181025    54.798005    0
3.153604    54.900827    0
3.125124    55.005275    0
3.095567    55.111337    0
3.064913    55.219007    0
3.033144    55.328274    0
3.000241    55.439132    0
2.966185    55.551569    0
2.930957    55.665576    0
2.894539    55.781145    0
2.856913    55.898263    0
2.818059    56.016922    0
2.77796    56.137113    0
2.736598    56.258824    0
2.693954    56.382046    0
2.650009    56.506766    0
2.604747    56.632977    0
2.558149    56.760664    0
2.510196    56.889819    0
2.460872    57.020429    0
2.410159    57.152484    0
2.358038    57.285971    0
2.304493    57.420881    0
2.248391    57.559941    0
2.190769    57.700456    0
2.131611    57.842412    0
2.070897    57.985795    0
2.008609    58.130594    0
1.94473    58.276793    0
1.879241    58.424381    0
1.812125    58.573342    0
1.743363    58.723665    0
1.672939    58.875334    0
1.600834    59.028335    0
1.527032    59.182654    0
1.451514    59.338278    0
1.374264    59.49519    0
1.295265    59.653376    0
1.214    59.812    0
1.13    59.937    0
1.1    59.9563    0
1.09    59.9635    0
1.044323    59.981    0
0.912492    60    0
0.782485    60    0
0.651986    60    0
0.521615    60    0
0.391207    60    0
0.260807    60    0
0.130404    60    0
0.00000    60    0
-0.130404    60    0
-0.260807    60    0
-0.391207    60    0
-0.521615    60    0
-0.651986    60    0
-0.782485    60    0
-0.912492    60    0
-1.044323    59.981    0
-1.09    59.9635    0
-1.1    59.9563    0
-1.13    59.937    0
-1.214    59.812    0
-1.295265    59.653376    0
-1.374264    59.49519    0
-1.451514    59.338278    0
-1.527032    59.182654    0
-1.600834    59.028335    0
-1.672939    58.875334    0
-1.743363    58.723665    0
-1.812125    58.573342    0
-1.879241    58.424381    0
-1.94473    58.276793    0
-2.008609    58.130594    0
-2.070897    57.985795    0
-2.131611    57.842412    0
-2.190769    57.700456    0
-2.248391    57.559941    0
-2.304493    57.420881    0
-2.358038    57.285971    0
-2.410159    57.152484    0
-2.460872    57.020429    0
-2.510196    56.889819    0
-2.558149    56.760664    0
-2.604747    56.632977    0
-2.650009    56.506766    0
-2.693954    56.382046    0
-2.736598    56.258824    0
-2.77796    56.137113    0
-2.818059    56.016922    0
-2.856913    55.898263    0
-2.894539    55.781145    0
-2.930957    55.665576    0
-2.966185    55.551569    0
-3.000241    55.439132    0
-3.033144    55.328274    0
-3.064913    55.219007    0
-3.095567    55.111337    0
-3.125124    55.005275    0
-3.153604    54.900827    0
-3.181025    54.798005    0
-3.207406    54.696817    0
-3.232767    54.59727    0
-3.257126    54.499372    0
-3.280504    54.403133    0
-3.302918    54.30856    0
-3.324389    54.215658    0
-3.344936    54.124439    0
-3.364578    54.034908    0
-3.383335    53.947071    0
-3.401227    53.860939    0
-3.418272    53.776514    0
-3.434491    53.693806    0
-3.449903    53.61282    0
-3.464529    53.533564    0
-3.478387    53.456042    0
-3.491498    53.380263    0
-3.503881    53.306229    0
-3.515557    53.233948    0
-3.526546    53.163426    0
-3.536867    53.094668    0
-3.549594    53.033282    0
-3.559393    52.991973    0
-3.635817    52.744338    0
-3.741104    52.554259    0
-3.829382    52.45854     0
-3.917368    52.397425    0
-4.008545    52.360059    0
-4.093203    52.344713    0
-4.160799    52.339958    0
-4.220216    52.335775    0
-4.281822    52.33138     0
-4.342836    52.326965    0
-4.404002    52.322476    0
-4.465124    52.317927    0
