  -8.90077   16.29107    0.00000    0.67076   -0.74167    0.00000 
  -8.85531   16.33218    0.00000    0.67076   -0.74167    0.00000 
  -8.80987   16.37336    0.00000    0.67152   -0.74098    0.00000 
  -8.76458   16.41449    0.00000    0.67228   -0.74029    0.00000 
  -8.71890   16.45606    0.00000    0.67303   -0.73961    0.00000 
  -8.67488   16.49619    0.00000    0.67373   -0.73898    0.00000 
  -8.62481   16.54184    0.00000    0.67377   -0.73894    0.00000 
  -8.55530   16.59255    0.00000    0.58931   -0.80791    0.00000 
  -8.46535   16.63278    0.00000    0.40829   -0.91285    0.00000 
  -8.36041   16.65432    0.00000    0.20105   -0.97958    0.00000 
  -8.23022   16.65219    0.00000   -0.01629   -0.99987    0.00000 
  -8.01997   16.59729    0.00000   -0.25266   -0.96755    0.00000 
  -7.78798   16.48179    0.00000   -0.44568   -0.89519    0.00000 
  -7.75131   16.46039    0.00000   -0.50412   -0.86363    0.00000 
  -7.69809   16.42726    0.00000   -0.52851   -0.84893    0.00000 
  -7.64119   16.38730    0.00000   -0.57473   -0.81834    0.00000 
  -7.58256   16.34660    0.00000   -0.57015   -0.82154    0.00000 
  -7.52217   16.30519    0.00000   -0.56557   -0.82470    0.00000 
  -7.46003   16.26309    0.00000   -0.56096   -0.82784    0.00000 
  -7.39613   16.22030    0.00000   -0.55632   -0.83097    0.00000 
  -7.33045   16.17686    0.00000   -0.55168   -0.83405    0.00000 
  -7.26298   16.13277    0.00000   -0.54701   -0.83713    0.00000 
  -7.19372   16.08806    0.00000   -0.54234   -0.84016    0.00000 
  -7.12265   16.04275    0.00000   -0.53764   -0.84318    0.00000 
  -7.04977   15.99685    0.00000   -0.53293   -0.84616    0.00000 
  -6.97507   15.95038    0.00000   -0.52818   -0.84913    0.00000 
  -6.89854   15.90337    0.00000   -0.52345   -0.85206    0.00000 
  -6.82018   15.85583    0.00000   -0.51868   -0.85497    0.00000 
  -6.73996   15.80777    0.00000   -0.51390   -0.85785    0.00000 
  -6.65789   15.75923    0.00000   -0.50911   -0.86070    0.00000 
  -6.57397   15.71022    0.00000   -0.50429   -0.86353    0.00000 
  -6.48817   15.66075    0.00000   -0.49946   -0.86634    0.00000 
  -6.40049   15.61085    0.00000   -0.49463   -0.86911    0.00000 
  -6.31092   15.56054    0.00000   -0.48976   -0.87186    0.00000 
  -6.21947   15.50984    0.00000   -0.48489   -0.87458    0.00000 
  -6.12611   15.45876    0.00000   -0.48000   -0.87727    0.00000 
  -6.03085   15.40732    0.00000   -0.47510   -0.87993    0.00000 
  -5.93368   15.35555    0.00000   -0.47018   -0.88257    0.00000 
  -5.83458   15.30347    0.00000   -0.46524   -0.88518    0.00000 
  -5.73356   15.25109    0.00000   -0.46029   -0.88777    0.00000 
  -5.63061   15.19844    0.00000   -0.45534   -0.89032    0.00000 
  -5.52571   15.14553    0.00000   -0.45036   -0.89285    0.00000 
  -5.41888   15.09239    0.00000   -0.44536   -0.89535    0.00000 
  -5.31009   15.03903    0.00000   -0.44036   -0.89782    0.00000 
  -5.19934   14.98547    0.00000   -0.43535   -0.90026    0.00000 
  -5.08663   14.93175    0.00000   -0.43031   -0.90268    0.00000 
  -4.97196   14.87786    0.00000   -0.42527   -0.90507    0.00000 
  -4.85531   14.82385    0.00000   -0.42021   -0.90743    0.00000 
  -4.73669   14.76972    0.00000   -0.41514   -0.90976    0.00000 
  -4.61608   14.71549    0.00000   -0.41005   -0.91206    0.00000 
  -4.49348   14.66119    0.00000   -0.40496   -0.91433    0.00000 
  -4.36890   14.60685    0.00000   -0.39985   -0.91658    0.00000 
  -4.24232   14.55246    0.00000   -0.39472   -0.91880    0.00000 
  -4.11373   14.49807    0.00000   -0.38959   -0.92099    0.00000 
  -3.98315   14.44369    0.00000   -0.38445   -0.92315    0.00000 
  -3.85055   14.38934    0.00000   -0.37928   -0.92528    0.00000 
  -3.71595   14.33504    0.00000   -0.37412   -0.92738    0.00000 
  -3.57657   14.27972    0.00000   -0.36888   -0.92948    0.00000 
  -3.43509   14.22450    0.00000   -0.36358   -0.93156    0.00000 
  -3.29151   14.16940    0.00000   -0.35828   -0.93361    0.00000 
  -3.14583   14.11445    0.00000   -0.35295   -0.93564    0.00000 
  -2.99803   14.05965    0.00000   -0.34762   -0.93764    0.00000 
  -2.84812   14.00504    0.00000   -0.34228   -0.93960    0.00000 
  -2.69610   13.95064    0.00000   -0.33692   -0.94153    0.00000 
  -2.54195   13.89647    0.00000   -0.33156   -0.94344    0.00000 
  -2.38569   13.84255    0.00000   -0.32618   -0.94531    0.00000 
  -2.22731   13.78891    0.00000   -0.32079   -0.94715    0.00000 
  -2.06680   13.73556    0.00000   -0.31539   -0.94896    0.00000 
  -1.90417   13.68254    0.00000   -0.30999   -0.95074    0.00000 
  -1.73941   13.62985    0.00000   -0.30457   -0.95249    0.00000 
  -1.57252   13.57754    0.00000   -0.29914   -0.95421    0.00000 
  -1.40350   13.52560    0.00000   -0.29370   -0.95590    0.00000 
  -1.23260   13.47501    0.00000   -0.28387   -0.95886    0.00000 
  -1.08416   13.44959    0.00000   -0.16877   -0.98565    0.00000 
  -1.04950   13.45800    0.00000    0.23561   -0.97185    0.00000 
  -1.03738   13.46027    0.00000    0.18444   -0.98284    0.00000 
  -0.99321   13.48127    0.00000    0.42924   -0.90319    0.00000 
  -0.88851   13.56360    0.00000    0.61815   -0.78606    0.00000 
  -0.79882   13.65772    0.00000    0.72396   -0.68984    0.00000 
  -0.70880   13.75219    0.00000    0.72396   -0.68984    0.00000 
  -0.61886   13.84658    0.00000    0.72396   -0.68984    0.00000 
  -0.52890   13.94099    0.00000    0.72396   -0.68984    0.00000 
  -0.43895   14.03539    0.00000    0.72396   -0.68984    0.00000 
  -0.34899   14.12980    0.00000    0.72396   -0.68984    0.00000 
  -0.25903   14.22421    0.00000    0.72396   -0.68984    0.00000 
  -0.16907   14.31861    0.00000    0.72396   -0.68984    0.00000 
  -0.07911   14.41302    0.00000    0.72396   -0.68984    0.00000 
   0.01084   14.50742    0.00000    0.72396   -0.68984    0.00000 
   0.10080   14.60183    0.00000    0.72396   -0.68984    0.00000 
   0.19074   14.69622    0.00000    0.72396   -0.68984    0.00000 
   0.28076   14.79069    0.00000    0.72396   -0.68984    0.00000 
   0.37045   14.88481    0.00000    0.72396   -0.68984    0.00000 
   0.44763   14.99336    0.00000    0.81496   -0.57952    0.00000 
   0.46647   15.03850    0.00000    0.92284   -0.38518    0.00000 
   0.46816   15.05071    0.00000    0.99060   -0.13682    0.00000 
   0.47488   15.08574    0.00000    0.98208   -0.18846    0.00000 
   0.44233   15.23278    0.00000    0.97637    0.21612    0.00000 
   0.38356   15.40104    0.00000    0.94406    0.32978    0.00000 
   0.32353   15.56736    0.00000    0.94062    0.33947    0.00000 
   0.26323   15.73153    0.00000    0.93867    0.34482    0.00000 
   0.20266   15.89355    0.00000    0.93669    0.35016    0.00000 
   0.14185   16.05344    0.00000    0.93468    0.35548    0.00000 
   0.08082   16.21119    0.00000    0.93264    0.36080    0.00000 
   0.01960   16.36680    0.00000    0.93057    0.36610    0.00000 
  -0.04179   16.52028    0.00000    0.92848    0.37139    0.00000 
  -0.10333   16.67163    0.00000    0.92635    0.37667    0.00000 
  -0.16500   16.82085    0.00000    0.92419    0.38194    0.00000 
  -0.22678   16.96795    0.00000    0.92200    0.38720    0.00000 
  -0.28864   17.11294    0.00000    0.91978    0.39244    0.00000 
  -0.35056   17.25580    0.00000    0.91753    0.39767    0.00000 
  -0.41252   17.39656    0.00000    0.91525    0.40289    0.00000 
  -0.47450   17.53521    0.00000    0.91294    0.40809    0.00000 
  -0.53647   17.67175    0.00000    0.91060    0.41328    0.00000 
  -0.59720   17.80358    0.00000    0.90826    0.41841    0.00000 
  -0.65788   17.93340    0.00000    0.90591    0.42347    0.00000 
  -0.71850   18.06121    0.00000    0.90353    0.42853    0.00000 
  -0.77903   18.18702    0.00000    0.90113    0.43356    0.00000 
  -0.83945   18.31083    0.00000    0.89869    0.43858    0.00000 
  -0.89975   18.43265    0.00000    0.89623    0.44359    0.00000 
  -0.95990   18.55249    0.00000    0.89374    0.44859    0.00000 
  -1.01987   18.67034    0.00000    0.89122    0.45356    0.00000 
  -1.07966   18.78621    0.00000    0.88867    0.45854    0.00000 
  -1.13924   18.90012    0.00000    0.88610    0.46349    0.00000 
  -1.19860   19.01206    0.00000    0.88350    0.46843    0.00000 
  -1.25770   19.12205    0.00000    0.88088    0.47335    0.00000 
  -1.31653   19.23008    0.00000    0.87822    0.47826    0.00000 
  -1.37507   19.33617    0.00000    0.87553    0.48315    0.00000 
  -1.43331   19.44032    0.00000    0.87283    0.48803    0.00000 
  -1.49122   19.54254    0.00000    0.87009    0.49290    0.00000 
  -1.54877   19.64284    0.00000    0.86732    0.49775    0.00000 
  -1.60596   19.74121    0.00000    0.86453    0.50258    0.00000 
  -1.66277   19.83768    0.00000    0.86171    0.50740    0.00000 
  -1.71916   19.93224    0.00000    0.85887    0.51220    0.00000 
  -1.77513   20.02492    0.00000    0.85600    0.51698    0.00000 
  -1.83065   20.11570    0.00000    0.85310    0.52175    0.00000 
  -1.88571   20.20460    0.00000    0.85017    0.52651    0.00000 
  -1.94028   20.29163    0.00000    0.84722    0.53124    0.00000 
  -1.99435   20.37680    0.00000    0.84424    0.53597    0.00000 
  -2.04790   20.46012    0.00000    0.84124    0.54066    0.00000 
  -2.10090   20.54158    0.00000    0.83820    0.54536    0.00000 
  -2.15335   20.62122    0.00000    0.83515    0.55003    0.00000 
  -2.20521   20.69902    0.00000    0.83207    0.55467    0.00000 
  -2.25648   20.77500    0.00000    0.82896    0.55931    0.00000 
  -2.30713   20.84917    0.00000    0.82582    0.56393    0.00000 
  -2.35714   20.92154    0.00000    0.82267    0.56852    0.00000 
  -2.40651   20.99212    0.00000    0.81947    0.57312    0.00000 
  -2.45519   21.06092    0.00000    0.81626    0.57768    0.00000 
  -2.50319   21.12795    0.00000    0.81302    0.58223    0.00000 
  -2.55048   21.19321    0.00000    0.80977    0.58675    0.00000 
  -2.59704   21.25672    0.00000    0.80648    0.59127    0.00000 
  -2.64286   21.31849    0.00000    0.80317    0.59575    0.00000 
  -2.68792   21.37852    0.00000    0.79982    0.60024    0.00000 
  -2.73219   21.43684    0.00000    0.79646    0.60469    0.00000 
  -2.77566   21.49344    0.00000    0.79308    0.60911    0.00000 
  -2.81832   21.54835    0.00000    0.78967    0.61354    0.00000 
  -2.85398   21.59991    0.00000    0.82245    0.56884    0.00000 
  -2.87713   21.63550    0.00000    0.83831    0.54519    0.00000 
  -3.00369   21.86166    0.00000    0.87266    0.48834    0.00000 
  -3.06867   22.06900    0.00000    0.95424    0.29904    0.00000 
  -3.07706   22.19895    0.00000    0.99792    0.06450    0.00000 
  -3.06061   22.30480    0.00000    0.98814   -0.15357    0.00000 
  -3.02477   22.39659    0.00000    0.93148   -0.36379    0.00000 
  -2.97747   22.46846    0.00000    0.83539   -0.54965    0.00000 
  -2.93429   22.52068    0.00000    0.77058   -0.63734    0.00000 
  -2.89633   22.56658    0.00000    0.77062   -0.63730    0.00000 
  -2.85701   22.61421    0.00000    0.77121   -0.63658    0.00000 
  -2.81812   22.66143    0.00000    0.77186   -0.63579    0.00000 
  -2.77917   22.70881    0.00000    0.77251   -0.63500    0.00000 
  -2.74030   22.75620    0.00000    0.77316   -0.63421    0.00000
